10,166
10,146
10,224
10,99
10,14
10,220
10,158
10,5
11,26
11,9
11,27
11,28
11,15
11,17
35,8
35,7
35,6
9,5
35,5
35,4
8,10
8,5
8,15
8,18
35,3
35,2
35,1
0,318
35,0
34,5
34,4
34,3
34,2
34,1
34,0
33,68
33,67
33,66
33,65
33,64
33,37
33,36
33,35
33,34
33,33
33,32
33,31
33,30
33,29
33,28
33,27
33,26
33,25
33,24
33,23
33,22
33,21
33,20
33,19
33,18
33,17
33,16
33,15
33,14
29,4
29,3
29,1
28,5
28,4
28,3
28,1
27,5
27,3
27,1
25,4
25,3
25,1
24,3
24,1
20,3
20,2
20,1
19,3
19,2
19,1
12,3
12,2
12,1
11,30
11,29
11,24
11,16
11,14
11,8
11,5
11,3
11,2
11,1
10,303
10,278
10,242
10,184
10,140
10,102
18,1
10,100
10,20
18,3
14,1
10,3
14,4
10,2
